5000568348
5774028106
6795747060
6004736574
7390820011
1649302966
6846881628
1933606490
869907106
5971332340
1757886634
7277228948
5518821861
7182641445
110484930
5221342586
1851997109
5362760099
5522913741
7115816111
6335102600
7432871399
5794416450
6450928064
1230164458
5244322503
1421907917
7139040766
6928924504
5699994302
1438402038
1584565764
7371431762
293992817
5539715956
5146774616
6519775647
5564919291
7306234731
5794416450
5813628298
6768751513
6592284981
6774374859
5224198831
6536772796
7301914549
