5000568348
7540389726
5896309407
7543619398
5878773749
930527868
7300704041
7755612876
7590556330
5718435964
7151943094
6457335081
7284807192
6780862901
7687339020
1534057538
1385670684
6357768993
7257612169
5847676556
6681572512
6554279665
1342666044
5774028106
6795747060
2082874896
6004736574
1649302966
6746514595
7182641445
5878773749
6846881628
1798105957
2146660798
6904844514
1933606490
869907106
5971332340
5971332340
1757886634
6666421326
7277228948
5518821861
7182641445
110484930
5221342586
1851997109
5362760099
5522913741
7115816111
6335102600
7432871399
5794416450
6450928064
1230164458
5244322503
1421907917
7139040766
6928924504
5699994302
1438402038
1584565764
7371431762
293992817
5539715956
5146774616
6519775647
5564919291
7306234731
5794416450
5813628298
1468583868
6768751513
6592284981
937159983
6774374859
5224198831
6536772796
7301914549
1884121486
1912852169
5128011235
6906797734
1474557299
1199892196
6213177151
7367851756
6396619891
1422561899
1138972679
6531062764
7658227563
6432936579
5496284384
6165066513
7717487210
898459180
616447882
395874447
927932511
5895477234
1838169706
6677232309
7333542124
5105829677
6832777981
6613450463
1406101159
6974639363
5900539238
6554279665
