5000568348
6004736574
5676342189
7717487210
1706630192
7414590397
7621205280
6046137026
5848984341
1933606490
6552740966
6946123549
7253948982
5878773749
6931973804
5912367925
991856530
5683740695
1121334230
6523014100
6979463983
7746740150
1242820609
1434336867
616447882
7703654526
7390820011
5895477234
6093475982
6282314513
5824922611
1221944969
7767135487
869907106
1374387291
6990361882
7367851756
6130884652
1193895251
6613917277
7699120279
1530788578
110484930
6357768993
7687339020
6450928064
5518821861
6260776811
1438402038
1484752300
7300704041
5971332340
293992817
1757886634
1884121486
6768751513
1251780204
6983389595
7590556330
